    0    0    2

This is a remark line
molecule.res
SPM   INT  0
CORRECT     OMIT DU   BEG
  0.0000
   1  DUMM  DU    M    0  -1  -2     0.000      .0        .0      .00000
   2  DUMM  DU    M    1   0  -1     1.449      .0        .0      .00000
   3  DUMM  DU    M    2   1   0     1.523   111.21       .0      .00000
   4  N1    N3    M    3   2   1     1.540   111.208  -180.000 -0.371052
   5  H1    H     E    4   3   2     1.015   142.972  -180.000  0.353549
   6  H2    H     E    4   3   2     1.013    95.097    54.073  0.353549
   7  H3    H     E    4   3   2     1.013    95.097   -54.073  0.353549
   8  C1    CT    M    4   3   2     1.507    32.646  -180.000  0.056049
   9  H4    HP    E    8   4   3     1.081   106.063  -122.228  0.120580
  10  H5    HP    E    8   4   3     1.081   106.063   122.228  0.120580
  11  C2    CT    M    8   4   3     1.537   111.834     0.000 -0.055201
  12  H6    HC    E   11   8   4     1.087   109.678    59.153  0.067955
  13  H7    HC    E   11   8   4     1.087   109.678   -59.153  0.067955
  14  C3    CT    M   11   8   4     1.538   109.860   180.000 -0.038402
  15  H8    HP    E   14  11   8     1.081   111.544    60.914  0.107204
  16  H9    HP    E   14  11   8     1.081   111.544   -60.914  0.107204
  17  N2    N3    M   14  11   8     1.514   111.942   180.000 -0.052021
  18  H10   H     E   17  14  11     1.011   109.293    57.599  0.269724
  19  H11   H     E   17  14  11     1.011   109.293   -57.599  0.269724
  20  C4    CT    M   17  14  11     1.518   114.128   180.000 -0.037618
  21  H12   HP    E   20  17  14     1.082   106.220    57.900  0.112579
  22  H13   HP    E   20  17  14     1.082   106.220   -57.900  0.112579
  23  C5    CT    M   20  17  14     1.537   111.808   180.000 -0.017070
  24  H14   HC    E   23  20  17     1.087   109.591    58.827  0.049291
  25  H15   HC    E   23  20  17     1.087   109.591   -58.827  0.049291
  26  C6    CT    M   23  20  17     1.547   111.168   180.000 -0.017070
  27  H16   HC    E   26  23  20     1.087   109.492    58.769  0.049291
  28  H17   HC    E   26  23  20     1.087   109.492   -58.769  0.049291
  29  C7    CT    M   26  23  20     1.537   111.168   180.000 -0.037618
  30  H18   HP    E   29  26  23     1.082   111.713    61.107  0.112579
  31  H19   HP    E   29  26  23     1.082   111.713   -61.107  0.112579
  32  N3    N3    M   29  26  23     1.518   111.808   180.000 -0.052021
  33  H20   H     E   32  29  26     1.011   109.056    57.469  0.269724
  34  H21   H     E   32  29  26     1.011   109.056   -57.469  0.269724
  35  C8    CT    M   32  29  26     1.514   114.128   180.000 -0.038402
  36  H22   HP    E   35  32  29     1.081   106.391    57.916  0.107204
  37  H23   HP    E   35  32  29     1.081   106.391   -57.916  0.107204
  38  C9    CT    M   35  32  29     1.538   111.942   180.000 -0.055201
  39  H24   HC    E   38  35  32     1.087   109.858    59.262  0.067955
  40  H25   HC    E   38  35  32     1.087   109.858   -59.262  0.067955
  41  C10   CT    M   38  35  32     1.537   109.860   180.000  0.056049
  42  H26   HP    E   41  38  35     1.081   111.889    61.170  0.120580
  43  H27   HP    E   41  38  35     1.081   111.889   -61.170  0.120580
  44  N4    N3    M   41  38  35     1.507   111.834   180.000 -0.371052
  45  H28   H     E   44  41  38     1.013   112.960   -61.158  0.353549
  46  H29   H     E   44  41  38     1.015   110.326   180.000  0.353549
  47  H30   H     E   44  41  38     1.013   112.960    61.158  0.353549


LOOP

IMPROPER

DONE
STOP
